# Time-averaged data for fix 2
# TimeStep v_step v_temp v_press v_vol v_dens v_poteng
700 700 447.301 27690 47872.8 8.4798 -3.79436
800 800 495.632 -13407.4 49415 8.21515 -3.78892
900 900 579.873 1038.65 49014.8 8.28223 -3.7835
1000 1000 666.25 9662.71 48874.3 8.30604 -3.77507
1100 1100 730.025 -2366.52 49543.8 8.1938 -3.7625
1200 1200 800.848 -2638.81 49770.2 8.15653 -3.74954
1300 1300 876.617 4800.25 49721.7 8.16448 -3.73752
1400 1400 950.073 949.566 50037.9 8.11289 -3.72736
1500 1500 995.605 -2042.71 50330.1 8.06579 -3.71698
1600 1600 1033.69 479.311 50337.6 8.06459 -3.71136
1700 1700 1022.33 790.938 50382.6 8.05738 -3.70769
1800 1800 1001.45 -1779.78 50442 8.04789 -3.70991
1900 1900 984.912 631.095 50266.9 8.07592 -3.71519
2000 2000 980.733 1632.29 50175.8 8.0906 -3.71886
2100 2100 975.205 -116.087 50268.7 8.07564 -3.71679
2200 2200 985.085 502.454 50330.3 8.06576 -3.71142
2300 2300 1033.24 -391.858 50381.6 8.05755 -3.71079
2400 2400 1012.27 146.893 50428 8.05012 -3.70716
2500 2500 997.646 -906.943 50426.8 8.05031 -3.70981
2600 2600 988.135 272.219 50339.7 8.06425 -3.71229
2700 2700 995.966 756.01 50270.9 8.07529 -3.71485
2800 2800 994.604 50.0639 50284.9 8.07303 -3.71505
2900 2900 988.784 -171.274 50319.2 8.06753 -3.71329
3000 3000 993.999 638.749 50356 8.06163 -3.71007
3100 3100 1010.8 -577.222 50399.3 8.05471 -3.70902
3200 3200 1020.99 -365.164 50400.1 8.05459 -3.71045
3300 3300 989.258 122.444 50378.7 8.05801 -3.70973
3400 3400 999.627 -761.777 50360.3 8.06095 -3.71319
3500 3500 977.558 1089.07 50337.7 8.06458 -3.71022
3600 3600 997.489 -106.483 50375.1 8.05859 -3.70964
3700 3700 1011.06 249.961 50403.1 8.05411 -3.70869
3800 3800 1020.89 -1207.92 50439.3 8.04832 -3.70936
3900 3900 989.259 804.9 50395.5 8.05532 -3.7075
4000 4000 1002.45 -191.275 50397.7 8.05497 -3.70977
4100 4100 987.674 380.115 50393.2 8.05569 -3.70794
4200 4200 996.799 313.24 50377.3 8.05822 -3.709
4300 4300 1000.73 -201.878 50387.9 8.05654 -3.70935
4400 4400 988.933 232.057 50381.4 8.05757 -3.70839
4500 4500 1002.14 724.795 50385.9 8.05685 -3.70892
4600 4600 1005.97 -616.236 50434.5 8.04909 -3.70803
4700 4700 1006.01 -605.161 50461.8 8.04474 -3.70668
4800 4800 1033.04 -676.261 50412 8.05269 -3.71074
4900 4900 987.132 1331.29 50354.5 8.06188 -3.7085
5000 5000 983.911 -925.701 50403.2 8.0541 -3.71028
5100 5100 1002.8 -964.946 50390.3 8.05616 -3.71132
5200 5200 1016.9 1426.14 50352.9 8.06213 -3.71011
5300 5300 1015.52 -1709.19 50472.4 8.04305 -3.70839
5400 5400 998.007 -688.85 50463 8.04455 -3.70648
5500 5500 1000.71 1832.51 50360.4 8.06093 -3.70757
5600 5600 1002.34 -217.535 50405.8 8.05368 -3.70968
5700 5700 999.159 -2095.38 50446.1 8.04724 -3.71029
5800 5800 1009.71 1772.83 50327.2 8.06626 -3.71054
5900 5900 998.651 1088.9 50374.2 8.05873 -3.70806
6000 6000 1010.06 -2786.82 50526.6 8.03442 -3.70812
6100 6100 995.875 681.503 50453.7 8.04603 -3.70436
6200 6200 1003.36 1877.38 50415 8.0522 -3.70398
6300 6300 1005.49 -1961.24 50519.5 8.03555 -3.70579
6400 6400 1003.98 -683.441 50406.4 8.05359 -3.70934
6500 6500 984.243 3300.45 50251.8 8.07836 -3.70974
6600 6600 989.556 -1330.79 50416.3 8.05199 -3.71106
6700 6700 993.283 -1985.77 50482.9 8.04138 -3.70899
6800 6800 1032.46 1306.48 50353.7 8.06201 -3.70915
6900 6900 1012.2 329.645 50433.9 8.04918 -3.70528
7000 7000 988.784 -3138.8 50587.5 8.02474 -3.70357
7100 7100 997.033 1245.5 50394.6 8.05547 -3.70571
7200 7200 980.5 3613.98 50301.8 8.07033 -3.70542
7300 7300 976.98 -2551 50538.7 8.0325 -3.70515
7400 7400 995.03 -438.188 50470.3 8.04339 -3.70564
7500 7500 1016.96 3299.46 50329.9 8.06583 -3.70649
7600 7600 1008.75 -1842.89 50518.8 8.03567 -3.70661
7700 7700 1011.69 -3119.65 50520.9 8.03533 -3.70875
7800 7800 981.45 4628.31 50277.1 8.0743 -3.70547
7900 7900 984.199 527.455 50442.6 8.0478 -3.70518
8000 8000 1000.39 -3749.88 50572.1 8.02719 -3.70664
8100 8100 998.716 3140.17 50323.4 8.06686 -3.70632
8200 8200 1029 503.253 50360.1 8.06098 -3.71111
8300 8300 997.407 -3908.86 50544.2 8.03163 -3.70906
8400 8400 1000.47 478.713 50389.4 8.0563 -3.70902
8500 8500 1006.61 3143.17 50315.9 8.06807 -3.70811
8600 8600 1003.77 -2811.65 50542.2 8.03194 -3.70701
8700 8700 1014.96 -1853.4 50528.6 8.0341 -3.70591
8800 8800 998.609 3163.67 50356.6 8.06154 -3.70383
8900 8900 998.414 -741.476 50454.8 8.04585 -3.70806
9000 9000 982.665 -1179.42 50470.4 8.04337 -3.70715
9100 9100 995.91 2245.78 50360.8 8.06087 -3.70671
9200 9200 995.609 -349.638 50476.8 8.04234 -3.70429
9300 9300 1003.57 -1194.43 50504.3 8.03797 -3.7057
9400 9400 994.373 1616.66 50384.5 8.05708 -3.70666
9500 9500 979.799 471.806 50400.1 8.05458 -3.70929
9600 9600 967.447 -413.508 50450.5 8.04654 -3.70707
9700 9700 995.801 207.737 50411.7 8.05273 -3.70809
9800 9800 983.669 1405.09 50407.2 8.05345 -3.70494
9900 9900 1014.43 -1331.46 50508.5 8.0373 -3.70624
10000 10000 1023.89 -1524.22 50494.7 8.0395 -3.70638
10100 10100 1005.25 1209.37 50402.3 8.05423 -3.70587
10200 10200 978.665 298.198 50426.7 8.05034 -3.70717
10300 10300 992.6 -600.771 50450.7 8.04651 -3.70815
10400 10400 981.399 2171.5 50394.6 8.05546 -3.70464
10500 10500 1025.22 -1295.69 50481.6 8.04158 -3.7076
10600 10600 1014.35 -1416 50493.5 8.03969 -3.70739
10700 10700 978.634 2182.94 50356.5 8.06157 -3.70673
10800 10800 994.016 899.45 50391.3 8.056 -3.7084
10900 10900 1002.14 -2979.41 50535.2 8.03306 -3.70705
11000 11000 1029.5 -181.291 50434.9 8.04903 -3.70808
11100 11100 1011.2 1038.32 50371.6 8.05914 -3.70713
11200 11200 993.261 -1478.89 50473.3 8.04291 -3.70718
11300 11300 1009.08 -1456.3 50447.3 8.04704 -3.70902
11400 11400 1018.29 3062.95 50324.6 8.06667 -3.70729
11500 11500 997.357 -753.066 50494.5 8.03952 -3.7039
11600 11600 982.698 -2377.71 50567.3 8.02795 -3.70358
11700 11700 1002.25 2315.31 50344.6 8.06347 -3.707
11800 11800 1010.13 901.04 50370.5 8.05931 -3.71037
11900 11900 982.45 -3195.49 50513.8 8.03645 -3.70991
12000 12000 998.846 1071.11 50336.5 8.06477 -3.71034
12100 12100 1006.86 2392.76 50306.4 8.06958 -3.70922
12200 12200 1011.76 -3984.05 50555.2 8.02988 -3.70898
12300 12300 1004.36 -585.457 50459.1 8.04517 -3.70746
12400 12400 985.211 3910.3 50329 8.06596 -3.70448
12500 12500 1016.4 -2042.47 50544.1 8.03164 -3.70487
12600 12600 1017.66 -1858.06 50572.3 8.02717 -3.70261
12700 12700 1010.45 1492.47 50420.1 8.0514 -3.70355
12800 12800 993.923 843.221 50431 8.04965 -3.705
12900 12900 1002.76 -1315.99 50489.4 8.04034 -3.7066
13000 13000 1002.2 453.182 50414.8 8.05224 -3.70652
13100 13100 987.748 1576.04 50397.8 8.05495 -3.70461
13200 13200 1001.19 -773.727 50515.9 8.03612 -3.70422
13300 13300 1026.45 -1424.31 50524.9 8.03469 -3.70457
13400 13400 1020.28 1237.91 50431.3 8.0496 -3.7051
13500 13500 1016.81 -2329.26 50487.3 8.04067 -3.7085
13600 13600 1007.98 -31.6799 50435.1 8.049 -3.70818
13700 13700 1002.41 512.233 50388.4 8.05645 -3.70806
13800 13800 1011.61 -1644.46 50409.5 8.05309 -3.71192
13900 13900 982.589 -234.167 50362.2 8.06064 -3.71074
14000 14000 989.314 1363.39 50310.5 8.06892 -3.71073
14100 14100 991.16 -197.52 50393.2 8.05568 -3.70944
14200 14200 990.724 -1180.61 50445.9 8.04728 -3.70827
14300 14300 1016.03 188.095 50410 8.053 -3.70911
14400 14400 1016.84 77.2939 50415.9 8.05206 -3.70886
14500 14500 980.659 -245.965 50444.6 8.04747 -3.70672
14600 14600 980.997 -547.735 50389.6 8.05627 -3.70996
14700 14700 987.106 988.413 50291.7 8.07195 -3.71409
14800 14800 981.355 300.366 50316.9 8.06791 -3.71351
14900 14900 1000.86 -578.959 50394.3 8.05552 -3.71114
15000 15000 1000.97 -1157.24 50454.2 8.04595 -3.70857
15100 15100 1008.05 571.312 50410.3 8.05296 -3.70747
15200 15200 1005.01 912.208 50414 8.05236 -3.70602
15300 15300 1002.63 -1638.77 50484.2 8.04117 -3.7072
15400 15400 979.403 702.048 50398.6 8.05483 -3.70751
15500 15500 998.082 1254.44 50341.9 8.06389 -3.70998
15600 15600 994.885 226.539 50408.7 8.05322 -3.70788
15700 15700 1014.73 -920.688 50468 8.04375 -3.70729
15800 15800 1021.52 -321.287 50467.5 8.04383 -3.70645
15900 15900 1013.91 -330.634 50458.6 8.04525 -3.70659
16000 16000 992.786 -174.888 50420.2 8.05138 -3.70791
16100 16100 987.12 1013.44 50376.4 8.05837 -3.70758
16200 16200 1014.14 -644.378 50432.1 8.04948 -3.70955
16300 16300 991.972 -427.909 50485.5 8.04097 -3.70594
16400 16400 1022.04 -565.083 50448.7 8.04683 -3.70811
16500 16500 997.039 2902.04 50396.1 8.05522 -3.70174
16600 16600 1010.35 -1357.76 50549.3 8.03082 -3.70339
16700 16700 1004.87 -2592.99 50545.4 8.03144 -3.70626
16800 16800 1030.22 2844.08 50259.2 8.07717 -3.71208
16900 16900 1001.74 999.978 50338.3 8.06448 -3.7108
17000 17000 999.976 -5052.65 50570.1 8.02751 -3.71071
17100 17100 1012.73 2236.44 50321.6 8.06714 -3.70994
17200 17200 1019.05 3133.85 50317.9 8.06774 -3.70729
17300 17300 1018.12 -6186.67 50666.7 8.0122 -3.70717
17400 17400 1007.03 39.3198 50440.9 8.04808 -3.70713
17500 17500 1009.37 5193.95 50214.5 8.08436 -3.70976
17600 17600 976.35 -2290.26 50510.5 8.03699 -3.70745
17700 17700 982.965 -2581.97 50522.7 8.03504 -3.70679
17800 17800 1031.81 2800.58 50279.6 8.07389 -3.71075
17900 17900 992.503 625.058 50410.5 8.05292 -3.70659
18000 18000 998.452 -3454.51 50568.8 8.02771 -3.70753
18100 18100 1000.31 2302.27 50375.6 8.0585 -3.70666
18200 18200 1002.81 2328.29 50367.6 8.05979 -3.70586
18300 18300 999.851 -2426.48 50537.9 8.03263 -3.70642
18400 18400 994.21 -776.346 50447.2 8.04707 -3.70812
18500 18500 999.602 2029.89 50298.3 8.07088 -3.70979
18600 18600 989.77 -316.205 50386.7 8.05672 -3.70955
18700 18700 991.393 -1468.24 50456.6 8.04557 -3.70852
18800 18800 1007.22 1637.34 50360.6 8.0609 -3.70745
18900 18900 1015.55 74.8977 50421.9 8.0511 -3.7078
19000 19000 993.959 -2201.68 50482.5 8.04145 -3.70794
19100 19100 993.513 1696.32 50315.8 8.06808 -3.71117
19200 19200 994.563 1458.71 50323.5 8.06684 -3.71138
19300 19300 978.152 -1902.5 50497.4 8.03906 -3.70703
19400 19400 1010.58 -335.734 50437.8 8.04857 -3.70828
19500 19500 1021.69 1461.66 50353.1 8.06211 -3.70976
19600 19600 980.89 -891.662 50475.5 8.04255 -3.70639
19700 19700 1001.53 -2071.21 50464.7 8.04427 -3.70973
19800 19800 995.423 2458.5 50297.2 8.07107 -3.70982
19900 19900 995.173 -168.518 50409 8.05316 -3.70965
20000 20000 992.216 -1191.66 50498.2 8.03894 -3.70639
20100 20100 1013.82 708.438 50434.1 8.04916 -3.70671
20200 20200 1005.87 46.3741 50446.4 8.0472 -3.70615
20300 20300 988.688 -1237.46 50500.1 8.03864 -3.70576
20400 20400 994.828 -118.336 50393.1 8.0557 -3.7104
20500 20500 984.38 2038.98 50305.1 8.06979 -3.71061
20600 20600 998.479 -923.121 50445.4 8.04736 -3.7097
20700 20700 995.725 -1446.66 50496.4 8.03922 -3.70673
20800 20800 1011.13 1414.62 50386.7 8.05673 -3.70851
20900 20900 1004.16 -80.2816 50446.7 8.04714 -3.70733
21000 21000 1009.8 -1724.61 50525.1 8.03466 -3.70651
21100 21100 1015.86 1006.12 50429.9 8.04983 -3.7051
21200 21200 1016.64 658.698 50453.9 8.04599 -3.70521
21300 21300 994.386 -2391.91 50545.5 8.03142 -3.70646
21400 21400 988.77 1136.81 50401.6 8.05435 -3.70682
21500 21500 1006.62 1210.07 50390.7 8.05609 -3.70701
21600 21600 996.766 -2118.6 50554.3 8.03002 -3.70416
21700 21700 1000.18 157.589 50451.4 8.04639 -3.70526
21800 21800 1007.01 3116.53 50333.3 8.06528 -3.7072
21900 21900 1005.76 -2831.22 50499.1 8.03879 -3.70894
22000 22000 974.399 -339.468 50450.1 8.0466 -3.70622
22100 22100 1019.35 1452.27 50333.2 8.06529 -3.70972
22200 22200 1001.47 733.216 50404.8 8.05384 -3.7067
22300 22300 1024.99 -3222.62 50535.5 8.03301 -3.70738
22400 22400 1004.92 1143.56 50401.5 8.05437 -3.70499
22500 22500 986.26 1435.8 50370.7 8.05928 -3.70559
22600 22600 985.659 -810.363 50455.6 8.04573 -3.70721
22700 22700 985.007 351.498 50427.1 8.05028 -3.70549
22800 22800 1004.96 1684.07 50398.2 8.05489 -3.70503
22900 22900 1001.98 -1441.8 50519.3 8.03558 -3.70445
23000 23000 1006.45 -719.788 50489.4 8.04034 -3.70571
23100 23100 1015.03 1025.2 50371.6 8.05915 -3.70876
23200 23200 977.435 172.791 50410.7 8.0529 -3.70686
23300 23300 989.475 -1020.32 50445.2 8.04738 -3.70819
23400 23400 989.875 1300.15 50382.9 8.05734 -3.70697
23500 23500 1004.9 -48.2466 50408.2 8.05329 -3.70866
23600 23600 1006.17 -1454.9 50441.4 8.04799 -3.70931
23700 23700 1000.99 556.82 50383.7 8.05721 -3.70805
23800 23800 1017.65 758.941 50418.2 8.0517 -3.7072
23900 23900 1001.03 -1159.19 50535.4 8.03302 -3.7042
24000 24000 988.943 -274.764 50475.6 8.04254 -3.70563
24100 24100 992 1580.25 50333.5 8.06524 -3.70939
24200 24200 996.818 1088.94 50352.6 8.06219 -3.71048
24300 24300 982.105 -1764.35 50489.3 8.04036 -3.70728
24400 24400 985.735 665.617 50413.3 8.05248 -3.70601
24500 24500 1002.44 2471.86 50344.4 8.0635 -3.70771
24600 24600 999.181 -2243.47 50497.7 8.03901 -3.70819
24700 24700 1010.2 -1405.7 50465.8 8.0441 -3.70862
24800 24800 1012.43 3592.4 50344.5 8.06348 -3.705
24900 24900 1001.02 -1496.63 50528.8 8.03408 -3.70487
25000 25000 1008.72 -3370.97 50554.4 8.03 -3.70834
25100 25100 994.337 3481.3 50283.6 8.07325 -3.70822
25200 25200 1004.58 1110.4 50373.7 8.0588 -3.71018
25300 25300 983.657 -4432.02 50616.5 8.02015 -3.70644
25400 25400 1022.8 1393.96 50403.5 8.05404 -3.7071
25500 25500 1028.18 2022.27 50359 8.06117 -3.70775
25600 25600 1003.05 -4324.81 50596.8 8.02327 -3.70756
25700 25700 981.658 493.437 50433.8 8.04921 -3.70544
25800 25800 1021.07 3519.03 50258.5 8.07728 -3.70906
25900 25900 983.8 -878.766 50504.8 8.03789 -3.70534
26000 26000 985.452 -3898.78 50587.7 8.02471 -3.70691
26100 26100 1002.81 4575.77 50280.4 8.07376 -3.7067
26200 26200 1025.11 -55.5485 50446.5 8.04718 -3.70645
26300 26300 1000.76 -4578.95 50686.7 8.00904 -3.70308
26400 26400 1014.31 663.328 50441.8 8.04793 -3.70539
26500 26500 984.776 3347.3 50313.8 8.0684 -3.70698
26600 26600 981.614 -2280.6 50513.3 8.03653 -3.70735
26700 26700 1002.84 -925.849 50466.1 8.04406 -3.70743
26800 26800 1030.76 1752.39 50346 8.06324 -3.70912
26900 26900 995.25 -713.484 50485.5 8.04097 -3.7057
27000 27000 988.092 -2317.64 50528.8 8.03408 -3.70635
27100 27100 981.666 2398.07 50359.4 8.06109 -3.70654
27200 27200 1013.23 257.396 50416.7 8.05193 -3.7082
27300 27300 989.692 -903.411 50492.1 8.03991 -3.70429
27400 27400 1010.39 757.952 50430 8.04981 -3.70662
27500 27500 985.739 157.141 50427.8 8.05015 -3.70585
27600 27600 982.072 -434.656 50448 8.04695 -3.70626
27700 27700 1007.34 1131.33 50387.6 8.05659 -3.70739
27800 27800 1018.55 -4.5096 50435 8.04901 -3.70635
27900 27900 1003.98 -1650.28 50508.7 8.03726 -3.70534
28000 28000 955.155 1736.11 50403.7 8.05401 -3.70325
28100 28100 995.355 1786.8 50352.9 8.06213 -3.70847
28200 28200 1006.56 -1267.52 50450.1 8.04661 -3.70934
28300 28300 1003.67 178.528 50452.7 8.04619 -3.7053
28400 28400 1014.63 1230.3 50444.5 8.04749 -3.70408
28500 28500 1006.72 -1573.47 50554.7 8.02995 -3.70382
28600 28600 993.232 -941.3 50505.9 8.03771 -3.70413
28700 28700 996.369 2398.26 50334.1 8.06515 -3.70815
28800 28800 982.901 -67.9154 50419.7 8.05145 -3.70685
28900 28900 996.566 -1820.12 50515.9 8.03612 -3.70685
29000 29000 998.83 1611.51 50419.7 8.05146 -3.70486
29100 29100 1004.02 787.761 50452.6 8.0462 -3.7046
29200 29200 996.116 -2097.35 50543.4 8.03175 -3.70489
29300 29300 993.991 471.837 50415.9 8.05207 -3.70838
29400 29400 987.499 1845.15 50318.2 8.06769 -3.70933
29500 29500 1000.55 -220.892 50407.7 8.05336 -3.7101
29600 29600 997.045 -1078.76 50468.1 8.04373 -3.70737
29700 29700 986.942 2062.53 50448.8 8.04682 -3.70134
29800 29800 1017.78 -1973.14 50554.4 8.03 -3.70469
29900 29900 996.108 -774.682 50491.1 8.04006 -3.70459
30000 30000 1008.8 2244.89 50313 8.06854 -3.70939
30100 30100 992.407 558.763 50403.4 8.05406 -3.70849
30200 30200 1004.87 -4073.56 50581.5 8.0257 -3.70802
30300 30300 1026.44 1443.41 50375.4 8.05854 -3.70903
30400 30400 1014.24 2606.24 50294.8 8.07145 -3.70954
30500 30500 1000.12 -3234.61 50526.8 8.03438 -3.70851
30600 30600 997.239 -1078.07 50459.1 8.04517 -3.70777
30700 30700 999.501 5071.72 50224.7 8.08271 -3.7084
30800 30800 983.114 -2122.39 50461.7 8.04476 -3.70978
30900 30900 987.546 -3742.7 50515.3 8.03621 -3.71126
31000 31000 982.039 5687.57 50200.5 8.08661 -3.7078
31100 31100 1008.47 -496.543 50408 8.05332 -3.70992
31200 31200 997.416 -5557.34 50634.9 8.01723 -3.70714
31300 31300 1014.43 3197.59 50304.1 8.06996 -3.70776
31400 31400 980.401 3806.09 50297.7 8.07098 -3.70605
31500 31500 987.049 -5366.47 50607.8 8.02153 -3.70885
31600 31600 975.042 1420.65 50411.6 8.05275 -3.70576
31700 31700 1014.37 3783.32 50285.5 8.07294 -3.70899
31800 31800 999.102 -2944.59 50515.8 8.03614 -3.70796
31900 31900 982.434 -1080.63 50453.4 8.04608 -3.70835
32000 32000 985.407 3032.46 50274.5 8.07471 -3.7101
32100 32100 990.558 -309.395 50401.5 8.05436 -3.71001
32200 32200 1011.38 -2687.7 50536.4 8.03286 -3.70802
32300 32300 1024.51 84.9857 50424.3 8.05072 -3.70827
32400 32400 1000.95 2296.27 50325.9 8.06646 -3.70865
32500 32500 995.155 -1496.19 50469.6 8.04349 -3.70957
32600 32600 1017.17 -2451.83 50464.6 8.04428 -3.71162
32700 32700 1018.12 2320.81 50312.4 8.06862 -3.70982
32800 32800 1004.83 644.199 50444.9 8.04744 -3.70502
32900 32900 1011.86 -3176.24 50621.9 8.01929 -3.70299
33000 33000 1013.69 767.593 50485.3 8.04099 -3.70327
33100 33100 1011.55 1353.87 50378 8.05812 -3.70712
33200 33200 999.582 -708.849 50458.4 8.04529 -3.70698
33300 33300 992.524 -862.658 50470.5 8.04335 -3.70697
33400 33400 1000.75 1105.27 50368 8.05972 -3.7096
33500 33500 981.045 224.453 50381.1 8.05763 -3.70927
33600 33600 992.613 -1150.2 50414.6 8.05226 -3.71096
33700 33700 1015.24 983.878 50379 8.05796 -3.70938
33800 33800 1025.18 -1027.18 50445.8 8.04729 -3.7096
33900 33900 1002.08 -1477.19 50466.4 8.04401 -3.7087
34000 34000 998.753 1653.5 50325.5 8.06653 -3.71064
34100 34100 966.763 2519.94 50331.9 8.0655 -3.70757
34200 34200 1007.53 -3270.81 50508.3 8.03732 -3.7111
34300 34300 988.258 419.464 50438.2 8.0485 -3.70594
34400 34400 1003.99 1776.26 50384.8 8.05703 -3.7067
34500 34500 1005.95 -1792.36 50497.3 8.03909 -3.70765
34600 34600 985.789 318.53 50427 8.05029 -3.70802
34700 34700 1005.1 948.67 50328.2 8.0661 -3.71142
34800 34800 997.969 -79.989 50363 8.06052 -3.7122
34900 34900 976.693 -2362.87 50404 8.05397 -3.71382
35000 35000 997.387 2012.06 50248.4 8.0789 -3.71483
35100 35100 1001.35 994.95 50337.9 8.06454 -3.71198
35200 35200 1007.63 -4439.25 50547.4 8.03111 -3.71067
35300 35300 990.737 2209.74 50322.2 8.06705 -3.70811
35400 35400 995.142 3786.45 50247.7 8.07901 -3.71051
35500 35500 975.704 -4357.33 50549.4 8.03079 -3.71039
35600 35600 998.24 -37.1696 50404.8 8.05383 -3.71002
35700 35700 1010.5 4938.13 50268.8 8.07563 -3.70767
35800 35800 1014.93 -5154.13 50628.6 8.01824 -3.70783
35900 35900 1008.93 -2179.69 50501.1 8.03847 -3.70806
36000 36000 1005.81 4368.45 50216.6 8.08401 -3.71071
36100 36100 991.402 -1121.36 50427.6 8.05019 -3.71153
36200 36200 984.105 -3298.37 50492.6 8.03984 -3.7101
36300 36300 986.283 3428.09 50280.4 8.07377 -3.70832
36400 36400 1001.1 108.94 50388 8.05652 -3.70916
36500 36500 993.642 -1744.05 50485 8.04104 -3.70773
36600 36600 1017.87 1199.36 50371.9 8.0591 -3.70893
36700 36700 1014.28 1464.8 50410.6 8.0529 -3.70623
36800 36800 1017.66 -3045.74 50555.6 8.02981 -3.7069
36900 36900 990.952 200.734 50423.1 8.05091 -3.70695
37000 37000 1006.58 1845.7 50318.3 8.06767 -3.70987
37100 37100 1001.16 -1590.94 50442.3 8.04784 -3.7093
37200 37200 1017.49 -1058.6 50450 8.04663 -3.70792
37300 37300 1026.52 1805.28 50377.9 8.05813 -3.70775
37400 37400 1004.4 -1517.53 50478.1 8.04215 -3.70798
37500 37500 1008.51 -1088.62 50451.2 8.04643 -3.70989
37600 37600 1013.81 1372.22 50336.2 8.06482 -3.71043
37700 37700 992.968 704.88 50400.1 8.05459 -3.70842
37800 37800 1019.49 -2868.46 50515.9 8.03612 -3.70929
37900 37900 1023.76 1909.56 50435.6 8.04892 -3.70557
38000 38000 1009.81 -659.752 50498.1 8.03896 -3.70578
38100 38100 994.76 -531.397 50469.7 8.04349 -3.70732
38200 38200 1007.34 1228.25 50346.4 8.06318 -3.71055
38300 38300 997.859 137.574 50353.1 8.06211 -3.71154
38400 38400 983.004 -1173.64 50404.2 8.05393 -3.71044
38500 38500 1001.22 1557.77 50336.5 8.06477 -3.70966
38600 38600 1001.07 640.254 50406.7 8.05353 -3.70594
38700 38700 1020.15 -3181.04 50526.2 8.03448 -3.70897
38800 38800 991.302 1266.52 50392.5 8.0558 -3.70743
38900 38900 1003.32 1042.25 50352.7 8.06217 -3.71029
39000 39000 978.387 -2172.39 50438.6 8.04844 -3.71062
39100 39100 987.216 1105.2 50312.4 8.06863 -3.7123
39200 39200 989.769 2812.65 50305 8.06982 -3.7088
39300 39300 981.907 -2866.65 50536.1 8.03292 -3.70622
39400 39400 1013.18 -776.13 50445.1 8.0474 -3.70854
39500 39500 995.478 4616.03 50260.8 8.07692 -3.70767
39600 39600 975.303 -2138.95 50477.1 8.0423 -3.70789
39700 39700 1002.47 -2502.08 50466.8 8.04393 -3.7106
39800 39800 1005.24 5356.32 50251.2 8.07845 -3.70564
39900 39900 1006.8 -1983.67 50531.5 8.03363 -3.70575
40000 40000 981.777 -3938.6 50607.3 8.0216 -3.70365
40100 40100 1029.94 3763.56 50268.8 8.07563 -3.70949
40200 40200 989.071 1604.94 50336.8 8.06471 -3.70878
40300 40300 979.547 -4255.68 50537.4 8.0327 -3.70891
40400 40400 1006.69 1827.5 50297.8 8.07096 -3.71081
40500 40500 1025.31 2404.66 50289.1 8.07237 -3.71087
40600 40600 978.404 -3150.24 50572.4 8.02715 -3.70386
40700 40700 1022.07 -69.5018 50491.4 8.04002 -3.70422
40800 40800 1023.39 1770.71 50377 8.05828 -3.70651
40900 40900 996.503 -1165.93 50481.7 8.04157 -3.70647
41000 41000 1001.09 -1029.45 50438.5 8.04845 -3.70906
41100 41100 1014.58 623.99 50326.2 8.06641 -3.71289
41200 41200 981.431 605.285 50353.7 8.06201 -3.71135
41300 41300 979.698 -1030.6 50404.1 8.05394 -3.70996
41400 41400 1013.75 230.569 50358.2 8.06129 -3.71241
41500 41500 1003.58 -361.707 50388.2 8.05649 -3.71033
41600 41600 991.141 33.6645 50430.8 8.04968 -3.70714
41700 41700 1000.11 73.8616 50438.1 8.04851 -3.70551
41800 41800 1015.89 643.041 50405.9 8.05366 -3.70724
41900 41900 984.004 -838.593 50422.4 8.05103 -3.70858
42000 42000 980.931 1092.84 50345.3 8.06336 -3.7087
42100 42100 1032.24 -391.366 50373.8 8.05879 -3.71258
42200 42200 1005.72 -1889.63 50479.9 8.04186 -3.70785
42300 42300 1015.26 -540.607 50438.9 8.04839 -3.7079
42400 42400 991.723 1036.07 50372 8.05907 -3.70796
42500 42500 986.749 -510.674 50404.1 8.05395 -3.71032
42600 42600 991.13 -215.643 50385.6 8.05691 -3.7098
42700 42700 1005.3 1311.22 50357.2 8.06145 -3.7099
42800 42800 999.248 -671.781 50445.9 8.04727 -3.70882
42900 42900 1002.51 -1026.86 50428.8 8.05001 -3.7097
43000 43000 1005.32 1172.31 50336.7 8.06474 -3.70998
43100 43100 993.9 217.999 50395.4 8.05534 -3.70849
43200 43200 983.999 -564.298 50421.3 8.05119 -3.70864
43300 43300 993.231 618.786 50338.7 8.06441 -3.7127
43400 43400 982.026 606.193 50308.4 8.06927 -3.7125
43500 43500 991.657 295.545 50353.8 8.06199 -3.71084
43600 43600 1008.8 -745.597 50414.1 8.05234 -3.71008
43700 43700 989.047 -283.918 50428.4 8.05007 -3.707
43800 43800 990.235 680.405 50425.6 8.05052 -3.70549
43900 43900 1016.11 -591.574 50447 8.04709 -3.70731
44000 44000 988.78 622.148 50407 8.05349 -3.70721
44100 44100 990.486 -956.189 50396.4 8.05518 -3.71148
44200 44200 973.558 1756.88 50319.5 8.06748 -3.70929
44300 44300 1002.55 -171.281 50369.3 8.05951 -3.71119
44400 44400 994.328 -1120.74 50431.9 8.0495 -3.70863
44500 44500 1003.05 1175.28 50372.1 8.05907 -3.7072
44600 44600 988.239 1380.75 50443.6 8.04763 -3.70319
44700 44700 992.865 -2184.89 50588.2 8.02463 -3.70204
44800 44800 998.787 1688.53 50388 8.05651 -3.7075
44900 44900 1000.57 1678.83 50332.8 8.06535 -3.70955
45000 45000 984.325 -1216.96 50479.9 8.04186 -3.70774
45100 45100 997.71 -311.934 50450.2 8.04658 -3.70738
45200 45200 1011.49 1604.63 50387.4 8.05661 -3.70671
45300 45300 992.296 -437.178 50481.2 8.04164 -3.70555
45400 45400 994.841 -1166.97 50470.1 8.04342 -3.70822
45500 45500 988.898 1921.82 50316.8 8.06792 -3.70949
45600 45600 991.475 -260.707 50358.9 8.06117 -3.71262
45700 45700 991.19 -1680.71 50403.3 8.05407 -3.71337
45800 45800 992.021 2123.97 50273.8 8.07482 -3.7114
45900 45900 1019.42 -306.513 50363.3 8.06047 -3.71156
46000 46000 1004.77 -3226.66 50534.4 8.03318 -3.7086
46100 46100 995.007 1002.52 50406 8.05365 -3.70713
46200 46200 1016.67 1991.34 50293.8 8.07161 -3.7115
46300 46300 983.524 -1776.86 50419.4 8.0515 -3.7115
46400 46400 1000.07 -923.459 50378.5 8.05805 -3.71299
46500 46500 1006.53 2702.66 50250.2 8.07861 -3.712
46600 46600 1028.04 -1937.73 50432.3 8.04944 -3.71146
46700 46700 997.649 -1828.95 50507.1 8.03753 -3.70631
46800 46800 999.286 2440.37 50351.3 8.0624 -3.70731
46900 46900 992.488 44.1091 50385.3 8.05696 -3.71016
47000 47000 990.128 -1964.24 50454.2 8.04596 -3.7103
47100 47100 1004.45 1271.47 50382.3 8.05743 -3.70846
47200 47200 999.337 347.159 50443 8.04774 -3.70615
47300 47300 1010.67 -2784.77 50547.7 8.03106 -3.70607
47400 47400 1008.4 1505.75 50430.9 8.04967 -3.70409
47500 47500 1010.74 1566.53 50427.7 8.05017 -3.70357
47600 47600 997.894 -3114.29 50536.8 8.0328 -3.70683
47700 47700 999.673 933.842 50381.6 8.05754 -3.70864
47800 47800 1005.68 2071 50319.6 8.06748 -3.7096
47900 47900 986.154 -2150.65 50489.6 8.04031 -3.70832
48000 48000 1006.77 -1385.62 50444.9 8.04743 -3.71087
48100 48100 1008.89 3380.92 50296.5 8.07118 -3.70782
48200 48200 999.129 -1056.26 50517.5 8.03586 -3.7051
48300 48300 993.508 -3322.62 50591.4 8.02412 -3.70573
48400 48400 991.409 3869.69 50276 8.07447 -3.70815
48500 48500 1005.23 243.095 50322.9 8.06695 -3.71483
48600 48600 973.813 -3276.15 50496 8.03928 -3.71111
48700 48700 1000.77 873.805 50328.5 8.06604 -3.71146
48800 48800 1015.45 2650.52 50263.6 8.07646 -3.71156
48900 48900 1006.25 -3431.45 50527.9 8.03421 -3.71008
49000 49000 995.263 -1176.47 50461.7 8.04475 -3.70834
49100 49100 1006.42 4139.94 50275.2 8.0746 -3.70699
49200 49200 1006.31 -1232.32 50473.7 8.04285 -3.70718
49300 49300 998.539 -3347.34 50521.7 8.03519 -3.7095
49400 49400 996.54 3385.91 50231.1 8.08169 -3.71122
49500 49500 991.674 1548.82 50315.2 8.06817 -3.71039
49600 49600 997.672 -4139.37 50553.1 8.03021 -3.7092
49700 49700 997.537 1145.22 50375.2 8.05857 -3.707
49800 49800 1001.24 3695.44 50278.6 8.07405 -3.70845
49900 49900 988.169 -2046.69 50489.4 8.04034 -3.70765
50000 50000 999.106 -981.884 50460.8 8.0449 -3.70798
50100 50100 997.409 2807.79 50314.6 8.06827 -3.70804
50200 50200 995.325 -966.131 50409.9 8.05302 -3.71032
50300 50300 999.208 -1814.34 50416.6 8.05195 -3.71227
50400 50400 992.138 2208.36 50310.6 8.06891 -3.70966
50500 50500 999.982 1146.51 50403.9 8.05398 -3.7067
50600 50600 1016.14 -2915.94 50529.3 8.03399 -3.7081
50700 50700 996.44 1599.17 50401.4 8.05438 -3.70704
50800 50800 1008.95 -194.001 50385.4 8.05694 -3.71218
50900 50900 991.778 -1591.25 50409.3 8.05311 -3.71287
51000 51000 979.434 1302.55 50333.1 8.0653 -3.70937
51100 51100 1000.66 854.025 50366.1 8.06002 -3.70903
51200 51200 1008.47 -2249.48 50497.4 8.03907 -3.70853
51300 51300 1006.54 45.5305 50438.7 8.04842 -3.70765
51400 51400 1015.67 812.015 50358 8.06132 -3.71088
51500 51500 975.955 -621.352 50399.7 8.05465 -3.70963
51600 51600 993.353 -98.2416 50399.6 8.05466 -3.70992
51700 51700 993.834 797.17 50393.4 8.05566 -3.70761
51800 51800 978.354 1651.26 50413 8.05253 -3.70495
51900 51900 1016.49 -1263.44 50480.3 8.04179 -3.70782
52000 52000 1010.91 443.741 50433.3 8.04929 -3.70701
52100 52100 981.255 500.416 50404.6 8.05386 -3.70652
52200 52200 974.175 519.726 50396.8 8.05511 -3.70713
52300 52300 984.647 1298.7 50388.9 8.05637 -3.70674
52400 52400 1020.01 -883.951 50445.3 8.04737 -3.70801
52500 52500 992.421 56.7654 50465.1 8.04422 -3.7038
52600 52600 1004.75 183.49 50447.1 8.04709 -3.70535
52700 52700 986.859 262.142 50427.9 8.05015 -3.70705
52800 52800 981.322 403.31 50376.6 8.05834 -3.70847
52900 52900 998.821 1480.72 50366 8.06003 -3.70858
53000 53000 995.029 -1403.14 50517.5 8.03587 -3.70512
53100 53100 1002.26 -1287.95 50523 8.03499 -3.70452
53200 53200 1009.55 2429.72 50368 8.05972 -3.70566
53300 53300 1015.54 -1246.95 50488.6 8.04046 -3.70784
53400 53400 972.82 -3672.04 50564.6 8.02838 -3.70706
53500 53500 989.907 3927.47 50275.3 8.07457 -3.70777
53600 53600 1018.73 667.363 50379.8 8.05782 -3.70873
53700 53700 996.806 -5066.72 50647.9 8.01518 -3.70518
53800 53800 1005.09 1574.31 50423 8.05093 -3.70405
53900 53900 1025.82 3141.66 50341.2 8.06402 -3.70605
54000 54000 981.882 -4887.88 50640 8.01643 -3.70527
54100 54100 992.659 -1402.88 50481.5 8.0416 -3.7076
54200 54200 1003.16 5615.5 50213.9 8.08446 -3.70751
54300 54300 995.876 -1690.3 50507.3 8.03749 -3.70606
54400 54400 1009.29 -3817.28 50631.2 8.01782 -3.70422
54500 54500 1017.23 3186.61 50389.5 8.05629 -3.70345
54600 54600 1013.91 506.418 50443.2 8.0477 -3.70582
54700 54700 983.703 -2048.39 50552.1 8.03036 -3.70357
54800 54800 996.477 1580.28 50388.7 8.05642 -3.70595
54900 54900 996.82 1403.96 50380.2 8.05776 -3.70792
55000 55000 977.93 -2405.42 50495.7 8.03933 -3.70882
55100 55100 983.805 598.937 50340.4 8.06414 -3.71124
55200 55200 1003.3 2804.53 50301.5 8.07037 -3.70987
55300 55300 992.169 -2455.66 50536.6 8.03283 -3.70567
55400 55400 1005.59 -716.278 50487.7 8.0406 -3.7061
55500 55500 1000.45 2628.55 50384.8 8.05704 -3.7043
55600 55600 1027.99 -2722.96 50530.8 8.03375 -3.70774
55700 55700 986.611 -955.501 50489.8 8.04028 -3.70611
55800 55800 995.463 1816.45 50337.5 8.06461 -3.70843
55900 55900 993.368 934.722 50399 8.05477 -3.7073
56000 56000 1017.33 -1998.89 50517.3 8.0359 -3.70731
56100 56100 1019.43 408.784 50441.8 8.04792 -3.70527
56200 56200 1017.74 496.916 50414.3 8.05231 -3.70817
56300 56300 1000.83 -1851.67 50454.9 8.04585 -3.70923
56400 56400 988.168 1358.02 50357.8 8.06135 -3.70769
56500 56500 1006.64 494.837 50404.3 8.05391 -3.70748
56600 56600 1028.85 -3197.9 50525.3 8.03463 -3.7082
56700 56700 1022.71 52.7292 50398.1 8.05491 -3.70853
56800 56800 993.925 1314.53 50323.1 8.06691 -3.70963
56900 56900 977.379 -21.785 50406.5 8.05356 -3.70846
57000 57000 1000.52 -1290.13 50428.3 8.05009 -3.70927
57100 57100 1020.32 971.99 50343.3 8.06368 -3.70978
57200 57200 997.703 -26.6726 50392.9 8.05573 -3.70828
57300 57300 974.636 -1068.57 50437.5 8.04862 -3.70857
57400 57400 996.587 845.265 50329.9 8.06582 -3.71054
57500 57500 1019.51 1346.54 50365.4 8.06014 -3.7086
57600 57600 1002.26 -3545.16 50558.7 8.02932 -3.70656
57700 57700 1011.86 -250.816 50416.9 8.0519 -3.70838
57800 57800 1017.5 2418.32 50305.9 8.06966 -3.70918
57900 57900 996.233 -2111.1 50508.9 8.03723 -3.70826
58000 58000 980.199 -1751.8 50466.6 8.04397 -3.70818
58100 58100 1031.32 2713.22 50218.9 8.08365 -3.71433
58200 58200 990.794 177.345 50369.7 8.05945 -3.71096
58300 58300 972.061 -3743.73 50543.9 8.03167 -3.70966
58400 58400 998.41 3018.8 50278.8 8.07402 -3.7102
58500 58500 995.672 3281.42 50345.4 8.06334 -3.70651
58600 58600 1005.12 -5905.47 50646.8 8.01535 -3.70735
58700 58700 1010.92 1669.37 50381.3 8.05759 -3.7084
58800 58800 998.424 2739.09 50311.2 8.06882 -3.70925
58900 58900 974.567 -3053.99 50501.4 8.03843 -3.70991
59000 59000 987.465 -198.488 50400.9 8.05445 -3.70917
59100 59100 1018.95 1893.39 50322.1 8.06707 -3.71071
59200 59200 997.42 -1143.96 50485.9 8.04089 -3.70687
59300 59300 1008.8 -1467.76 50495.2 8.03942 -3.70725
59400 59400 986.35 2009.78 50383.3 8.05727 -3.70467
59500 59500 1008.7 -697.192 50434 8.04918 -3.708
59600 59600 1010.27 -1970.63 50439.2 8.04834 -3.71075
59700 59700 1002.33 795.059 50327.7 8.06617 -3.7121
59800 59800 994.809 528.718 50345 8.0634 -3.71174
59900 59900 975.518 378.476 50440.4 8.04815 -3.70639
60000 60000 995.198 -432.901 50479.6 8.04191 -3.70488
60100 60100 1020.8 -272.167 50458.5 8.04526 -3.70713
60200 60200 1005.56 -227.382 50436.4 8.04879 -3.70728
60300 60300 991.833 0.923214 50414.2 8.05233 -3.70849
60400 60400 991.206 167.74 50413.4 8.05247 -3.70836
60500 60500 995.861 -492.227 50442.9 8.04775 -3.70735
60600 60600 1006.17 86.0684 50449.7 8.04666 -3.70756
60700 60700 1003.75 -438.249 50473.5 8.04288 -3.70673
60800 60800 993.839 353.042 50456.4 8.0456 -3.70575
60900 60900 1008.55 -20.5299 50464.4 8.04432 -3.70679
61000 61000 1019.15 -797.696 50478.8 8.04203 -3.70688
61100 61100 992.539 605.149 50439.4 8.04831 -3.70526
61200 61200 997.398 -609.188 50442.4 8.04783 -3.7081
61300 61300 976.594 862.125 50391.9 8.0559 -3.70712
61400 61400 1004.16 635.896 50397.9 8.05494 -3.70817
61500 61500 1008.34 -1126.41 50514.5 8.03635 -3.70476
61600 61600 1014.21 -1774.02 50549.9 8.03072 -3.70522
61700 61700 1012.28 473.453 50425.8 8.05047 -3.70651
61800 61800 993.389 1209.56 50376.4 8.05838 -3.70818
61900 61900 986.258 -897.985 50454.7 8.04586 -3.70824
62000 62000 984.402 747.379 50424.2 8.05073 -3.70631
62100 62100 1023.72 99.7283 50408.9 8.05319 -3.70914
62200 62200 999.48 -571.4 50482.7 8.0414 -3.70574
62300 62300 1003.56 -1375.01 50485.8 8.04091 -3.70746
62400 62400 973.429 1957.92 50354.3 8.06191 -3.70785
62500 62500 992.641 514.703 50405.5 8.05373 -3.70846
62600 62600 997.73 -2074.57 50539.7 8.03234 -3.70614
62700 62700 1018.58 -226.024 50459.7 8.04508 -3.70734
62800 62800 996.642 2158.57 50379.5 8.05788 -3.70534
62900 62900 998.141 -2029.86 50460.7 8.04492 -3.70951
63000 63000 990.067 -433.081 50417.5 8.0518 -3.7098
63100 63100 1017.74 910.177 50342.9 8.06373 -3.71208
63200 63200 991.858 -89.6896 50444 8.04757 -3.70699
63300 63300 1024.67 -2625.45 50527.8 8.03423 -3.70892
63400 63400 1002.06 1276.91 50405.2 8.05378 -3.70626
63500 63500 988.435 2370.47 50364.8 8.06022 -3.70586
63600 63600 1003.32 -2405.27 50501 8.03849 -3.70779
63700 63700 996.409 142.285 50426.4 8.05038 -3.70729
63800 63800 1015.85 1578.94 50334.1 8.06514 -3.7106
63900 63900 967.312 -700.592 50433.2 8.04931 -3.70871
64000 64000 995.695 -1216.13 50415.1 8.05219 -3.71224
64100 64100 1009.17 2097.46 50285.4 8.07295 -3.71242
64200 64200 992.79 26.6224 50394.7 8.05544 -3.70979
64300 64300 1026.84 -3750.27 50493.8 8.03963 -3.71376
64400 64400 995.602 2634.42 50305.2 8.06979 -3.70979
64500 64500 998.226 1346.92 50364.3 8.06032 -3.70931
64600 64600 1009.98 -4033.96 50557.5 8.0295 -3.70966
64700 64700 1014.61 851.009 50401.7 8.05433 -3.70817
64800 64800 1018.14 3038.7 50311 8.06886 -3.70992
64900 64900 985.864 -3415.86 50542.1 8.03196 -3.70892
65000 65000 999.358 -1040.05 50436.4 8.04879 -3.70979
65100 65100 1001.25 5047.04 50248.6 8.07888 -3.70833
65200 65200 999.901 -2100.11 50502.1 8.03832 -3.70803
65300 65300 986.22 -2761.39 50522.3 8.0351 -3.70953
65400 65400 1005.15 2942.75 50270.1 8.07542 -3.71213
65500 65500 999.644 1125.06 50335.9 8.06487 -3.71068
65600 65600 992.717 -2254.51 50517.1 8.03593 -3.70792
65700 65700 1020.31 158.648 50408 8.05333 -3.70899
65800 65800 1007.17 1904.6 50360.8 8.06088 -3.70766
65900 65900 987.562 -2407.7 50487.4 8.04066 -3.70939
66000 66000 984.175 590.921 50375.2 8.05857 -3.70965
66100 66100 994.059 2368.99 50298.9 8.07079 -3.70995
66200 66200 996.782 -732.296 50458.3 8.04529 -3.70838
66300 66300 1002.85 -1016.09 50532.3 8.03351 -3.70516
66400 66400 1019.43 232.095 50435.3 8.04897 -3.70797
66500 66500 986.358 1103.97 50393.5 8.05564 -3.70698
66600 66600 981.144 325.603 50400.6 8.05451 -3.70856
66700 66700 1000.87 6.66077 50376.7 8.05832 -3.71122
66800 66800 1010.23 -250.216 50395.4 8.05534 -3.71114
66900 66900 1003.87 270.255 50448.9 8.04679 -3.70633
67000 67000 1023.95 -890.691 50500 8.03865 -3.70705
67100 67100 986.036 627.274 50451.3 8.04641 -3.70518
67200 67200 989.571 1519.46 50380.8 8.05767 -3.70753
67300 67300 1002.57 -96.7441 50409.9 8.05302 -3.71061
67400 67400 980.772 -733.145 50423.9 8.05078 -3.70924
67500 67500 970.696 1602.26 50339.8 8.06424 -3.70875
67600 67600 1013.59 -96.0255 50397.5 8.055 -3.71006
67700 67700 1010.53 -1486.79 50506.5 8.03761 -3.70706
67800 67800 999.113 35.2025 50456.1 8.04565 -3.70589
67900 67900 1000.51 1385.11 50372.4 8.05901 -3.70865
68000 68000 1002.37 -1533.6 50412.7 8.05257 -3.71191
68100 68100 999.809 106.588 50352 8.06228 -3.71182
68200 68200 1002.11 1559.24 50338.8 8.0644 -3.71095
68300 68300 1006.62 -2368.71 50485.2 8.04102 -3.71002
68400 68400 1008.82 -280.701 50426.8 8.05032 -3.70882
68500 68500 1020.22 2699.06 50357.2 8.06145 -3.70599
68600 68600 1012.49 -2243.22 50560.1 8.0291 -3.7041
68700 68700 1003.26 -1929.8 50511.1 8.03689 -3.70668
68800 68800 1020.1 3834.91 50253.7 8.07806 -3.71034
68900 68900 984.089 -335.693 50423.7 8.05082 -3.70806
69000 69000 987.939 -3779.72 50572 8.0272 -3.70806
69100 69100 1010.76 4074.88 50302.2 8.07026 -3.70799
69200 69200 1007.59 1503.59 50381.4 8.05757 -3.70615
69300 69300 994.003 -5093.77 50601.3 8.02255 -3.70898
69400 69400 988.814 2150.33 50299.6 8.07067 -3.71063
69500 69500 991.884 4843.92 50186.6 8.08886 -3.71135
69600 69600 1000.33 -4605.31 50589.4 8.02445 -3.70973
69700 69700 1006.96 -1958.52 50520 8.03547 -3.70743
69800 69800 1017.81 4312.87 50233 8.08138 -3.70919
69900 69900 1000.5 -639.824 50416.1 8.05202 -3.71052
70000 70000 992.317 -3346.81 50514.2 8.0364 -3.7103
70100 70100 998.133 3131.5 50277.7 8.07419 -3.70994
70200 70200 1000.55 1577.87 50340.6 8.06411 -3.70935
70300 70300 984.415 -2673.09 50507.5 8.03746 -3.70817
70400 70400 1018.52 -874.881 50371.9 8.05909 -3.71361
70500 70500 979.396 3213.31 50251.7 8.07838 -3.71097
70600 70600 983.53 -1529.03 50405.9 8.05366 -3.71253
70700 70700 1001.16 -1021.5 50428.6 8.05004 -3.71105
70800 70800 1011.8 1003.31 50370.5 8.05931 -3.71076
70900 70900 988.853 -269.661 50427.6 8.05019 -3.70835
71000 71000 996.192 -346.758 50426.5 8.05037 -3.70891
71100 71100 1012.54 1346.78 50378.8 8.058 -3.70791
71200 71200 1009.81 119.883 50465.3 8.04419 -3.70529
71300 71300 998.4 -1343.42 50516.2 8.03608 -3.70604
71400 71400 985.411 1774 50374.4 8.05869 -3.70721
71500 71500 998.418 1097.18 50367.4 8.05981 -3.70905
71600 71600 989.039 -1502.75 50489.7 8.0403 -3.70745
71700 71700 992.203 829.987 50435.4 8.04894 -3.70592
71800 71800 1008.79 1368.61 50376.5 8.05836 -3.70661
71900 71900 979.092 569.883 50458.1 8.04533 -3.70356
72000 72000 1001.69 -1530.53 50493.5 8.03968 -3.70855
72100 72100 998.108 932.48 50383.4 8.05726 -3.70945
72200 72200 993.549 557.325 50406.2 8.05361 -3.70805
72300 72300 1007.45 -698.405 50499.9 8.03866 -3.70588
72400 72400 1000.63 -402.703 50506 8.0377 -3.70314
72500 72500 1011.08 807.163 50445.6 8.04732 -3.7057
72600 72600 998.235 -142.097 50452.8 8.04617 -3.70621
72700 72700 995.442 -284.225 50441.3 8.048 -3.70698
72800 72800 988.85 1073.39 50388.6 8.05643 -3.70662
72900 72900 1004.84 132.976 50428.4 8.05007 -3.70755
73000 73000 1004.31 -850.953 50477.6 8.04223 -3.70574
73100 73100 1010.62 859.174 50445.6 8.04732 -3.70512
73200 73200 1017.89 -954.617 50475.1 8.04262 -3.70636
73300 73300 1003.73 -819.352 50448.5 8.04687 -3.70816
73400 73400 1011.98 71.0888 50379.1 8.05795 -3.71032
73500 73500 990.608 1505.49 50372.8 8.05895 -3.7079
73600 73600 1005.94 -2090.16 50478.8 8.04204 -3.70999
73700 73700 981.7 1099.14 50401.8 8.05432 -3.70657
73800 73800 1007.25 2156.39 50346.8 8.06311 -3.70828
73900 73900 994.152 -2106.08 50535.1 8.03307 -3.70546
74000 74000 1018.55 -2081.77 50557.7 8.02948 -3.70585
74100 74100 1013.27 2755.66 50355.1 8.06178 -3.70578
74200 74200 994.399 281.814 50406.1 8.05363 -3.7081
74300 74300 986.491 -1853.41 50501.5 8.03841 -3.70735
74400 74400 1012.97 1058.7 50378.5 8.05804 -3.70908
74500 74500 1010.35 1011.59 50370.2 8.05937 -3.70934
74600 74600 979.774 -2692.67 50515.1 8.03624 -3.70791
74700 74700 978.675 1198.21 50356.6 8.06154 -3.70876
74800 74800 1021.79 2878.32 50282.8 8.07338 -3.71072
74900 74900 1002.36 -2616.95 50560.9 8.02897 -3.7059
75000 75000 1012.04 -2365.6 50556.6 8.02965 -3.70609
75100 75100 991.978 4422.98 50315 8.0682 -3.705
75200 75200 988.109 -2126.3 50456.1 8.04565 -3.71004
75300 75300 980.524 -1072.99 50446.4 8.04719 -3.70905
75400 75400 985.316 3854.92 50287.3 8.07266 -3.70746
75500 75500 993.91 -717.052 50452.6 8.04621 -3.70627
75600 75600 1007.91 -2534.32 50530.1 8.03386 -3.70692
75700 75700 1019.64 1727.4 50370 8.05939 -3.70776
75800 75800 989.754 782.609 50401.9 8.0543 -3.707
75900 75900 997.804 -2417.03 50495.4 8.03939 -3.70979
76000 76000 1001.72 1260 50379.5 8.05788 -3.70833
76100 76100 1006.71 1395.04 50378.5 8.05803 -3.70687
76200 76200 1024.45 -3378.28 50534 8.03325 -3.70884
76300 76300 981.413 -914.223 50448 8.04693 -3.70703
76400 76400 1009.87 1609.51 50280.7 8.07371 -3.71312
76500 76500 973.759 907.191 50355.7 8.0617 -3.70945
76600 76600 1001.47 -2090.46 50480.6 8.04174 -3.70796
76700 76700 1022.12 562.254 50391 8.05604 -3.70886
76800 76800 998.663 959.038 50377.6 8.05819 -3.70847
76900 76900 990.531 -1937.56 50457.9 8.04536 -3.70936
77000 77000 993.539 1384.51 50319 8.06758 -3.71136
77100 77100 988.214 1326.39 50288.3 8.07249 -3.71246
77200 77200 970.057 -1274.92 50417 8.05189 -3.70996
77300 77300 1001.14 128.393 50388 8.05651 -3.70958
77400 77400 1017.91 982.106 50355.3 8.06174 -3.71041
77500 77500 995.656 -1526.37 50479.4 8.04193 -3.70691
77600 77600 1020.98 -423.111 50441.7 8.04795 -3.70876
77700 77700 1008.7 1106.46 50362.1 8.06066 -3.7089
77800 77800 1004.47 -1934.8 50432.8 8.04936 -3.71161
77900 77900 982.901 -238.355 50388.8 8.05639 -3.7093
78000 78000 994.002 2516.29 50331.1 8.06563 -3.70832
78100 78100 1014.46 -1464.92 50502 8.03834 -3.70632
78200 78200 1016.49 -2507.01 50543.6 8.03172 -3.70607
78300 78300 999.664 2842.12 50345.6 8.0633 -3.70595
78400 78400 999.719 479.417 50401.4 8.05437 -3.70812
78500 78500 991.198 -2175.79 50510.2 8.03702 -3.70812
78600 78600 998.877 830.955 50399 8.05477 -3.7067
78700 78700 1014.67 2533.44 50378.3 8.05807 -3.70511
78800 78800 996.08 -2368.83 50579.7 8.02598 -3.70402
78900 78900 1003.83 -1438.48 50514.7 8.03631 -3.70633
79000 79000 1004.47 2909.25 50321.1 8.06723 -3.70711
79100 79100 981.153 -807.474 50420.4 8.05135 -3.70886
79200 79200 982.93 -1434.16 50452.1 8.04629 -3.70988
79300 79300 999.738 2046.83 50341.9 8.0639 -3.70865
79400 79400 1015.11 -797.119 50445.4 8.04736 -3.70877
79500 79500 982.687 -1098.86 50512.9 8.0366 -3.70499
79600 79600 1013.19 1105.76 50383.4 8.05725 -3.70818
79700 79700 1012.94 1610.41 50364.2 8.06033 -3.70791
79800 79800 984.309 -2494.99 50516.4 8.03605 -3.70723
79900 79900 1006.81 -526.084 50404.3 8.05392 -3.71093
80000 80000 984.056 3908.8 50242.5 8.07985 -3.70985
80100 80100 969.856 -1746.67 50466.5 8.04398 -3.70904
80200 80200 1005.12 -2809.63 50506.1 8.03768 -3.7091
80300 80300 997.935 4065.72 50313.5 8.06844 -3.70547
80400 80400 1020.29 -1437.85 50466.1 8.04405 -3.70847
80500 80500 992.709 -2559.12 50518.7 8.03568 -3.70771
80600 80600 1006.88 2473.66 50301.1 8.07044 -3.71026
80700 80700 1015.83 490.196 50352.2 8.06225 -3.71131
80800 80800 989.628 -3926.49 50483 8.04136 -3.71115
80900 80900 980.852 2593.47 50279.2 8.07395 -3.7103
81000 81000 1021.04 1221.72 50312.5 8.06861 -3.71191
81100 81100 984.657 -2848.52 50531.6 8.03363 -3.7064
81200 81200 1002.61 238.449 50423.6 8.05083 -3.70692
81300 81300 1037.41 1917.03 50329.8 8.06584 -3.70928
81400 81400 991.189 -2430.13 50488.8 8.04043 -3.70821
81500 81500 988.78 -1261.23 50431.4 8.04959 -3.70843
81600 81600 1002.73 4078.82 50275 8.07463 -3.70799
81700 81700 995.742 -1807.11 50516.3 8.03605 -3.70559
81800 81800 981.017 -1344.16 50536.2 8.0329 -3.70395
81900 81900 1019.64 2363.08 50329.7 8.06586 -3.70946
82000 82000 993.853 173.51 50393.1 8.0557 -3.70999
82100 82100 986.611 -2598.37 50481.1 8.04166 -3.70984
82200 82200 1007.59 2154.48 50323.9 8.06679 -3.70982
82300 82300 1005.91 1028.19 50400.4 8.05453 -3.70778
82400 82400 980.809 -2107.33 50568.2 8.02782 -3.70373
82500 82500 996.702 644.586 50464.2 8.04435 -3.70416
82600 82600 1013.2 1151.52 50412.8 8.05256 -3.70658
82700 82700 1007.87 -1669.18 50503.2 8.03814 -3.70697
82800 82800 999.76 -369.804 50471.1 8.04325 -3.7065
82900 82900 1008.55 778.873 50410.2 8.05298 -3.70851
83000 83000 1007.77 -1396.71 50487.4 8.04066 -3.70835
83100 83100 1020.41 -1213.23 50493.3 8.03972 -3.70705
83200 83200 1032.4 196.973 50442 8.04789 -3.70743
83300 83300 999.652 187.607 50441.8 8.04793 -3.70668
83400 83400 1003.6 -1043.91 50470.3 8.04338 -3.70785
83500 83500 993.672 640.126 50441.8 8.04793 -3.70663
83600 83600 1017.32 -593.636 50478.1 8.04214 -3.70715
83700 83700 1010.1 251.643 50503.1 8.03816 -3.70383
83800 83800 1007.65 -643.062 50531.9 8.03357 -3.70362
83900 83900 1005.58 -859.59 50475.4 8.04257 -3.70771
84000 84000 1001.64 1031.93 50385.3 8.05696 -3.70889
84100 84100 1014.62 -600.819 50429.6 8.04987 -3.70976
84200 84200 1016.68 -1325.59 50447.2 8.04706 -3.7093
84300 84300 1009.54 940.68 50422.6 8.05099 -3.70667
84400 84400 1032.76 -1251.85 50515.7 8.03615 -3.70704
84500 84500 1020.44 -2222.44 50542.5 8.0319 -3.70636
84600 84600 991.215 1579.31 50370.8 8.05927 -3.70751
84700 84700 983.126 1770.53 50349.4 8.06269 -3.7073
84800 84800 978.309 -1050.29 50500.7 8.03855 -3.70533
84900 84900 1010.17 -631.457 50499.5 8.03874 -3.70587
85000 85000 1003.97 1244.37 50439.2 8.04835 -3.70499
85100 85100 1008.53 -1392.03 50491.1 8.04007 -3.70739
85200 85200 965.383 1598.93 50422.7 8.05097 -3.70382
85300 85300 997.285 881.439 50394.3 8.05551 -3.70709
85400 85400 1001.61 -963.181 50455.8 8.04569 -3.70801
85500 85500 1007.67 -774.791 50454.3 8.04593 -3.70898
85600 85600 1010.36 425.909 50412.8 8.05256 -3.70825
85700 85700 1005.22 467.88 50447.2 8.04707 -3.70736
85800 85800 990.999 -1643.32 50521.6 8.03522 -3.70614
85900 85900 1000.41 531.605 50402 8.05428 -3.70742
86000 86000 1019.27 1805.31 50366.6 8.05994 -3.70888
86100 86100 992.134 -3133.16 50541 8.03213 -3.70687
86200 86200 996.102 -816.01 50450.7 8.04651 -3.70851
86300 86300 1009.37 3626.34 50293.1 8.07172 -3.70784
86400 86400 1015.3 -1775.3 50529.1 8.03402 -3.70557
86500 86500 1001.78 -3531.11 50613.7 8.0206 -3.70304
86600 86600 996.233 4232 50297.1 8.07108 -3.70569
86700 86700 992.821 1522.09 50352.5 8.0622 -3.70885
86800 86800 991.747 -4500.33 50601.6 8.02251 -3.70762
86900 86900 999.659 2138.77 50402.7 8.05417 -3.70521
87000 87000 1013.09 2523.3 50357.3 8.06143 -3.70587
87100 87100 989.912 -3736.64 50602.5 8.02237 -3.70397
87200 87200 999.081 -367.934 50468.9 8.0436 -3.70613
87300 87300 998.821 3781.83 50269 8.07559 -3.70891
87400 87400 982.171 -1781.55 50474.8 8.04267 -3.70831
87500 87500 988.092 -1903.1 50496.9 8.03915 -3.70645
87600 87600 996.817 3843.27 50339.9 8.06423 -3.70418
87700 87700 1009.14 -1935.27 50535.3 8.03304 -3.70546
87800 87800 980.138 -1375.44 50533.9 8.03325 -3.70376
87900 87900 1002.87 2490.87 50335.4 8.06493 -3.70782
88000 88000 963.57 1014.06 50399.9 8.05462 -3.70661
88100 88100 976.198 -2493.65 50505.6 8.03777 -3.70809
88200 88200 997.786 1379.68 50374.5 8.05868 -3.70758
88300 88300 986.407 1459.97 50389.1 8.05634 -3.70491
88400 88400 986.299 -901.859 50535.5 8.03301 -3.70317
88500 88500 1018.51 -886.227 50554.9 8.02993 -3.70393
88600 88600 1010.05 1049.4 50454.6 8.04588 -3.70373
88700 88700 998.422 819.745 50439.5 8.04829 -3.70446
88800 88800 1009.93 -889.652 50467.4 8.04384 -3.70792
88900 88900 989.499 807.483 50403.3 8.05408 -3.70696
89000 89000 994.428 765.565 50403.6 8.05402 -3.70722
89100 89100 1023.86 -1930.26 50493.4 8.03971 -3.70878
89200 89200 1021.38 232.757 50448.8 8.04681 -3.70551
89300 89300 1029.91 54.1525 50475.7 8.04252 -3.70451
89400 89400 990.299 -1477.77 50559.2 8.02924 -3.70204
89500 89500 1009.98 752.221 50409.1 8.05315 -3.70774
89600 89600 1001.29 2875.24 50321.3 8.0672 -3.70823
89700 89700 983.545 -2190.98 50514.2 8.03639 -3.70709
89800 89800 993.084 -1163.86 50488.7 8.04046 -3.70575
89900 89900 1013.64 3376.05 50322.7 8.06698 -3.70621
90000 90000 1004.1 -1696.66 50523.5 8.03491 -3.70563
90100 90100 995.296 -4078.74 50587.8 8.02471 -3.70483
90200 90200 1017.53 4653.66 50267.7 8.07581 -3.70654
90300 90300 998.236 589.839 50433 8.04934 -3.70501
90400 90400 989.978 -5776.82 50654.1 8.0142 -3.70643
90500 90500 1014.84 2478.81 50302.3 8.07025 -3.70893
90600 90600 1015.62 3593.94 50286.3 8.07282 -3.7082
90700 90700 1005.41 -6463.22 50618.9 8.01977 -3.70944
90800 90800 996.741 209.706 50360.7 8.06089 -3.71051
90900 90900 961.496 6382.02 50182.4 8.08952 -3.70641
91000 91000 1001.88 -3079.91 50537.3 8.03272 -3.70741
91100 91100 994.027 -2418.8 50544.5 8.03157 -3.70385
91200 91200 1027.52 3101.37 50327.3 8.06623 -3.70695
91300 91300 987.81 158.081 50463.1 8.04453 -3.70457
91400 91400 989.519 -2275.31 50549.8 8.03073 -3.70577
91500 91500 1015.49 947.464 50371.9 8.0591 -3.70855
91600 91600 1021.84 792.459 50378.4 8.05805 -3.70989
91700 91700 989.922 -2273.66 50487.1 8.04071 -3.70899
91800 91800 994.52 -135.991 50381.3 8.0576 -3.70966
91900 91900 992.994 2467.32 50327.8 8.06615 -3.7083
92000 92000 1004.8 -2198.22 50509.3 8.03717 -3.70806
92100 92100 984.598 46.5405 50462.4 8.04464 -3.70474
92200 92200 1025.09 1561.28 50371.4 8.05918 -3.70738
92300 92300 1022.3 -840.324 50480.6 8.04174 -3.70626
92400 92400 988.446 -1872.45 50523.4 8.03493 -3.70572
92500 92500 996.292 1435.84 50345.1 8.06339 -3.70866
92600 92600 1000.55 1576.61 50318.9 8.06759 -3.70954
92700 92700 992.691 -2068.46 50470.8 8.0433 -3.70878
92800 92800 997.754 -344.709 50452.2 8.04626 -3.70722
92900 92900 1005.85 1908.2 50404 8.05396 -3.70535
93000 93000 1019.61 -1974.04 50519.2 8.0356 -3.70647
93100 93100 997.425 -965.601 50479.5 8.04191 -3.70586
93200 93200 992.832 2389.12 50327.7 8.06617 -3.70862
93300 93300 994.196 -454.911 50417.1 8.05187 -3.70853
93400 93400 981.948 -251.244 50447.8 8.04697 -3.70615
93500 93500 1007.61 1147.81 50374.7 8.05864 -3.70835
93600 93600 1003.18 -26.7704 50427 8.05028 -3.7075
93700 93700 1012.84 -2184.68 50485 8.04104 -3.70856
93800 93800 984.193 2017.98 50387.8 8.05655 -3.70586
93900 93900 1008.66 -695.859 50431.1 8.04964 -3.70864
94000 94000 989.617 -783.11 50452.5 8.04623 -3.70605
94100 94100 1003.03 635.625 50425.7 8.0505 -3.70601
94200 94200 1017.35 -194.707 50437.2 8.04866 -3.70826
94300 94300 985.11 -1895.1 50477.1 8.0423 -3.70792
94400 94400 982.682 1208.64 50335 8.065 -3.71036
94500 94500 995.325 1721.33 50293.3 8.07169 -3.71067
94600 94600 1006.02 -2592.51 50497.1 8.03912 -3.70934
94700 94700 990.689 -1281.99 50485.2 8.04101 -3.70666
94800 94800 1016.78 2413.16 50323.5 8.06684 -3.70768
94900 94900 996.289 173.16 50441.5 8.04798 -3.70541
95000 95000 1003.41 -4162.86 50575.4 8.02666 -3.70757
95100 95100 989.123 2916.96 50275.3 8.07459 -3.70899
95200 95200 977.919 3880.94 50216.1 8.0841 -3.7106
95300 95300 986.491 -4369.85 50521.7 8.03519 -3.71141
95400 95400 995.992 -232.49 50382 8.05748 -3.71106
95500 95500 973.345 6645.43 50173.1 8.09103 -3.70721
95600 95600 979.432 -2602.69 50526.5 8.03443 -3.70613
95700 95700 1009.9 -3527.72 50582.1 8.02561 -3.70707
95800 95800 1016.47 4439.34 50257.1 8.07751 -3.70792
95900 95900 998.309 527.498 50385.1 8.05699 -3.70799
96000 96000 991.612 -3741.16 50563.1 8.02861 -3.70817
96100 96100 997.685 2333.99 50358.6 8.06122 -3.70815
96200 96200 1015.64 1584.43 50357.6 8.06138 -3.7086
96300 96300 1027.81 -2891.58 50531.6 8.03363 -3.70701
96400 96400 1034.44 -1053.68 50471.1 8.04326 -3.70776
96500 96500 1009.14 1444.36 50349.6 8.06267 -3.70885
96600 96600 983.75 233.152 50424.6 8.05067 -3.7067
96700 96700 998.425 -1218.34 50485.8 8.04091 -3.70706
96800 96800 1001.91 1102.14 50409.9 8.05302 -3.70515
96900 96900 1010.04 1217.82 50413 8.05252 -3.70606
97000 97000 987.872 -2067.49 50501.7 8.03838 -3.70749
97100 97100 980.282 1300.8 50373.9 8.05878 -3.70757
97200 97200 988.476 2193.22 50365.3 8.06014 -3.70622
97300 97300 1012.81 -2637.31 50528 8.03421 -3.70706
97400 97400 999.647 164.972 50463.8 8.04441 -3.70497
97500 97500 1007.99 643.707 50414.9 8.05222 -3.70585
97600 97600 1004.37 -387.923 50447.2 8.04706 -3.70733
97700 97700 988.978 -257.269 50441.5 8.04797 -3.70619
97800 97800 1007.32 491.785 50414.8 8.05223 -3.70736
97900 97900 1006.47 -89.9015 50462.9 8.04456 -3.70551
98000 98000 1036.36 -1759.85 50476.7 8.04236 -3.70853
98100 98100 1002.91 355.631 50410.6 8.05291 -3.70696
98200 98200 998.709 -23.6789 50430.3 8.04976 -3.70807
98300 98300 995.436 -1046.36 50443.8 8.04761 -3.70825
98400 98400 979.988 1559.05 50355.9 8.06166 -3.70711
98500 98500 989.927 541.543 50385.6 8.05691 -3.70814
98600 98600 1009.94 -1575.71 50440.1 8.0482 -3.7099
98700 98700 1023.07 10.4554 50390.9 8.05605 -3.7102
98800 98800 990.991 1249.07 50389.5 8.05629 -3.70638
98900 98900 983.625 -893.753 50458.5 8.04527 -3.70779
99000 99000 988.533 -109.033 50383.6 8.05722 -3.71025
99100 99100 979.281 3286.64 50294.9 8.07143 -3.70901
99200 99200 980.812 -570.012 50480.8 8.0417 -3.70547
99300 99300 1001.82 -1915.4 50548.5 8.03094 -3.70533
99400 99400 1012.35 2214.71 50367 8.05987 -3.70735
99500 99500 997.893 -8.14838 50424.7 8.05066 -3.70784
99600 99600 994.584 -2792.71 50508.2 8.03735 -3.70909
99700 99700 1002.27 1888.24 50333 8.06532 -3.70916
99800 99800 1029.65 962.282 50375.8 8.05847 -3.70932
99900 99900 988.597 -2872.23 50576.6 8.02647 -3.70406
100000 100000 1020.4 -421.793 50452.1 8.04629 -3.70698
100100 100100 1000.23 3381 50315.1 8.0682 -3.70583
100200 100200 982.323 -1948.23 50505.8 8.03772 -3.707
100300 100300 963.056 -87.7604 50468.9 8.04361 -3.70409
100400 100400 1005.02 3603.05 50317.5 8.06781 -3.70675
100500 100500 999.478 -1118.11 50486.3 8.04083 -3.70626
100600 100600 1016.1 -3546.29 50536.1 8.03291 -3.70892
